<?xml version="1.0"?>
<opencv_storage>
<calibration_Time>"Wed Nov  7 20:50:59 2012"</calibration_Time>
<nrOfFrames>25</nrOfFrames>
<image_Width>640</image_Width>
<image_Height>480</image_Height>
<board_Width>7</board_Width>
<board_Height>4</board_Height>
<square_Size>12.25</square_Size>
<FixAspectRatio>1.</FixAspectRatio>
<!-- flags:  +fix_aspectRatio +fix_principal_point +zero_tangent_dist -->
<flagValue>14</flagValue>
<Camera_Matrix type_id="opencv-matrix">
  <rows>3</rows>
  <cols>3</cols>
  <dt>d</dt>
  <data>
    4.9999578195554716e+02 0. 3.1950000000000000e+02 0.
    4.9999578195554716e+02 2.3950000000000000e+02 0. 0. 1.</data></Camera_Matrix>
<Distortion_Coefficients type_id="opencv-matrix">
  <rows>5</rows>
  <cols>1</cols>
  <dt>d</dt>
  <data>
    6.4541889328939422e-02 -1.8315779098633853e-01 0. 0.
    5.6383976766949361e-02</data></Distortion_Coefficients>
<Avg_Reprojection_Error>2.8737542408024891e-01</Avg_Reprojection_Error>
<Per_View_Reprojection_Errors type_id="opencv-matrix">
  <rows>25</rows>
  <cols>1</cols>
  <dt>f</dt>
  <data>
    2.41734385e-01 2.50957668e-01 2.74541408e-01 2.55982220e-01
    3.21295530e-01 3.51944745e-01 3.51374924e-01 3.46302599e-01
    3.41792405e-01 3.01717192e-01 2.99692571e-01 2.85614759e-01
    3.51426393e-01 3.17011476e-01 2.99006671e-01 3.27994555e-01
    2.98515081e-01 3.25391024e-01 2.76459366e-01 2.10865378e-01
    2.18167692e-01 1.74318820e-01 2.20240414e-01 2.12847695e-01
    2.09540665e-01</data></Per_View_Reprojection_Errors>
<!-- a set of 6-tuples (rotation vector + translation vector) for each view -->
<Extrinsic_Parameters type_id="opencv-matrix">
  <rows>25</rows>
  <cols>6</cols>
  <dt>d</dt>
  <data>
    -1.9589008932716964e-01 -6.3613880633194619e-02
    -2.3512305641472019e-02 -9.8007290374550550e+01
    -1.1982637385378769e+02 2.8840659755649932e+02
    -1.9665286244363650e-01 -6.3622879341231078e-02
    -2.2823506518797342e-02 -9.7299897712446267e+01
    -1.1982681844070039e+02 2.8827221343050695e+02
    -1.9695603866437902e-01 -6.1871086131303279e-02
    -2.2242912012722466e-02 -9.7444602629451722e+01
    -1.2005988172376300e+02 2.8825346239120347e+02
    -1.9783783743829964e-01 -6.2277093942475402e-02
    -2.2166487962053096e-02 -9.7136034175120201e+01
    -1.2007290731409591e+02 2.8826033899255071e+02
    -1.9975712817175773e-01 -5.9643341753786536e-02
    -2.1647490378298051e-02 -9.3924767025556818e+01
    -1.1731660541777062e+02 2.8909506221044899e+02
    -2.1023763710196902e-01 -5.1249077246723063e-02
    -1.4957758978696218e-02 -8.3429000373432757e+01
    -1.1478877906950392e+02 2.9166738959253303e+02
    -2.1913645670314358e-01 -4.1305465333583660e-02
    -1.1988453934202512e-02 -7.5770259060743967e+01
    -1.1144214072109229e+02 2.9357083205505364e+02
    -2.2056054489736548e-01 -3.0641132968653135e-02
    -6.4201091675735664e-03 -6.6813893999410098e+01
    -1.1084444847653822e+02 2.9444742679463843e+02
    -2.2265871709375867e-01 -1.9391444800334626e-02
    -1.7417226732209365e-03 -5.9086005430147559e+01
    -1.0987715935044480e+02 2.9604127679156858e+02
    -2.2601676427327835e-01 -1.1208749941353627e-02
    1.3217837284008609e-03 -5.3831009737021716e+01
    -1.0971094673742913e+02 2.9749320093519373e+02
    -2.2554823930369125e-01 -3.6266361061939147e-03
    6.4069247060740513e-03 -4.8201969225336136e+01
    -1.0906869753228645e+02 2.9862478779189564e+02
    -2.2916484481402805e-01 -1.2522553435601587e-03
    1.1433677668080369e-02 -4.3699887823552586e+01
    -1.0834753875643933e+02 2.9981284321378985e+02
    -2.3111945085172447e-01 -2.7325008035039497e-03
    1.4922563098390917e-02 -3.8492405989666359e+01
    -1.0825606218470006e+02 3.0028479265053181e+02
    -2.3384628520532819e-01 4.0469744310306175e-03
    2.4722996842377026e-02 -3.1537795764480258e+01
    -1.0795599011158991e+02 3.0171306446289753e+02
    -2.3443239167570415e-01 9.7637050014450135e-03
    3.0398334176284653e-02 -2.6531909577465093e+01
    -1.0837965791495779e+02 3.0212138589223315e+02
    -2.3443357853880881e-01 1.3249968435047242e-02
    3.7553247383022265e-02 -1.7457539012946611e+01
    -1.0787000907213459e+02 3.0209226910770769e+02
    -2.3939485846070171e-01 2.6542501558296263e-02
    4.4072748190646965e-02 -8.4166666699199926e+00
    -1.0487625767768742e+02 3.0383178443474770e+02
    -2.4150222711078120e-01 3.0708788492897196e-02
    4.6112546894458983e-02 -4.6013687348248711e+00
    -1.0421382966045891e+02 3.0412810715063466e+02
    -2.3918609713483430e-01 3.8196603552498855e-02
    5.2631370218874901e-02 1.3543751616206667e+00
    -1.0302179323201852e+02 3.0390857896382397e+02
    -2.4058706231611060e-01 3.9434709595620773e-02
    5.2244167298406773e-02 1.9352074997233697e+00
    -1.0006038570943144e+02 3.0512136315957076e+02
    -2.5173291462229863e-01 4.0908077195412479e-02
    4.2079057509367003e-02 -1.1374916967221328e-01
    -9.1531769278814053e+01 3.0809898999434466e+02
    -2.6300625531045407e-01 4.3315900638337165e-02
    2.9336681990871652e-02 -5.3992417010663267e+00
    -8.4928333177738750e+01 3.1170432810213225e+02
    -2.7109764478675186e-01 4.1186372682076776e-02
    1.7759325970400950e-02 -9.9671758321389046e+00
    -7.7827735922220725e+01 3.1350067277041057e+02
    -2.7683134731109887e-01 4.2647809778416826e-02
    4.0819032615714750e-03 -1.2821680207360277e+01
    -7.0635455742088624e+01 3.1491446212893590e+02
    -2.8007381940408732e-01 4.4338132626247480e-02
    -6.5170165805102506e-03 -1.6869867122243626e+01
    -6.7105985947319240e+01 3.1556739881419765e+02</data></Extrinsic_Parameters>
